LINK: 2396
ETH: 32.63888356
BTC: 0.07113441
BNB: 13.81166825